3.484938754400656791e+01 2.006881560022477640e-01
3.484614537160348391e+01 3.182516608125254276e-01
3.485003597848718471e+01 4.177284725750680661e-01
3.485846562673521731e+01 5.714653634808157801e-01
3.486300466809954202e+01 6.799855217672259311e-01
3.486884057842510032e+01 8.156357196252386199e-01
3.487208275082818432e+01 9.331992244355162835e-01
3.487727022667312582e+01 1.086936115341263998e+00
3.488116083355683372e+01 1.240673006247011712e+00
3.488245770251806732e+01 1.439626629772096988e+00
3.487597335771189222e+01 1.557190134582374652e+00
3.486494997154139242e+01 1.629536906773314753e+00
3.485327815089027581e+01 1.701883678964254853e+00
3.483901259231668490e+01 1.819447183774532517e+00
3.482863764062680190e+01 1.909880649013207643e+00
3.481631738549506849e+01 2.000314114251882991e+00
3.480334869588271829e+01 2.081704232966690604e+00
3.478130192354171157e+01 2.190224391253100755e+00
3.477352070977430287e+01 2.190224391253100755e+00
3.476833323392936137e+01 2.154051005157630705e+00
3.475990358568132876e+01 2.208311084300835780e+00
3.475277080639453686e+01 2.244484470396305831e+00
3.474498959262712816e+01 2.253527816920173343e+00
3.473785681334032915e+01 2.280657856491775881e+00
3.472164595132488785e+01 2.307787896063378419e+00
3.470478665482882974e+01 2.343961282158848469e+00
3.468598205489092123e+01 2.398221361302053545e+00
3.466393528254991452e+01 2.416308054349788570e+00
3.465161502741818111e+01 2.416308054349788570e+00
3.463540416540273981e+01 2.452481440445258620e+00
3.461595113098421450e+01 2.479611480016861158e+00
3.460622461377494830e+01 2.470568133492993645e+00
3.459649809656568209e+01 2.488654826540728671e+00
3.458288097247270798e+01 2.470568133492993645e+00
3.457250602078282498e+01 2.497698173064596183e+00
3.456407637253479948e+01 2.497698173064596183e+00
3.455240455188368287e+01 2.452481440445258620e+00
3.454073273123255916e+01 2.407264707825921057e+00
3.452581873817835856e+01 2.371091321730451007e+00
3.451025631064353405e+01 2.280657856491775881e+00
3.447783458661265144e+01 2.163094351681498217e+00
3.444346755913991132e+01 2.036487500347353041e+00
3.440261618686100320e+01 1.873707262917737593e+00
3.436760072490764628e+01 1.683796985916519828e+00
3.433582743535738047e+01 1.457713322819832014e+00
3.428330424242734864e+01 1.168326234056071611e+00
3.424245287014844052e+01 1.195456273627674149e+00
3.418992967721840870e+01 1.222586313199276686e+00
3.415296891182320138e+01 1.322063124961819325e+00
3.413805491876899367e+01 1.575276827630109677e+00
3.414000022221084407e+01 1.900837302489340130e+00
3.413935178773022727e+01 2.289701203015643394e+00
3.413546118084652647e+01 2.606218331351006334e+00
3.413286744292405217e+01 3.013168924925044401e+00
3.413092213948220177e+01 3.302556013688804804e+00
3.413416431188528577e+01 3.763766686406047945e+00
3.414907830493949348e+01 3.971763656455000735e+00
3.416917977383864269e+01 4.179760626503953524e+00
3.418474220137346720e+01 4.532451140934786515e+00
3.419641402202458380e+01 4.758534804031474330e+00
3.421651549092373301e+01 5.038878546271367220e+00
3.421392175300125871e+01 5.427742446797670262e+00
3.419576558754396700e+01 5.762346268180768227e+00
3.418863280825717510e+01 6.033646663896793605e+00
3.419122654617964230e+01 6.214513594374143857e+00
3.420160149786952530e+01 6.259730326993481420e+00
3.421197644955940831e+01 6.232600287421878882e+00
3.422235140124929131e+01 6.060776703468396143e+00
3.423661695982288222e+01 5.879909772991045891e+00
3.424634347703214132e+01 5.744259575133033202e+00
3.425931216664449863e+01 5.491045872464742850e+00
3.428395267690796544e+01 5.192615437177114934e+00
3.429821823548155635e+01 5.020791853223632195e+00
3.430729631821020575e+01 4.939401734508824582e+00
3.431572596645823126e+01 4.957488427556559607e+00
3.432415561470626386e+01 4.921315041461089557e+00
3.433063995951243896e+01 4.803751536650811893e+00
3.433647586983799727e+01 4.722361417936004280e+00
3.433971804224108837e+01 4.595754566601859104e+00
3.434360864912479627e+01 4.487234408315448952e+00
3.435722577321776328e+01 4.360627556981303776e+00
3.437992098003937969e+01 4.224977359123291087e+00
3.440456149030285360e+01 4.080283814741410886e+00
3.442142078679891171e+01 3.935590270359530685e+00
3.444606129706238562e+01 3.763766686406047945e+00
3.447135024180646923e+01 3.600986448976432719e+00
3.449988135895365104e+01 3.429162865022949980e+00
3.453100621402330006e+01 3.284469320641069778e+00
3.455110768292244217e+01 3.184992508878527140e+00
3.458936531727889019e+01 3.004125578401176888e+00
3.462438077923224000e+01 2.868475380543164199e+00
3.465550563430188902e+01 2.750911875732886536e+00
3.468079457904597973e+01 2.669521757018078922e+00
3.471516160651871274e+01 2.551958252207801259e+00
3.475406767535577046e+01 2.425351400873656083e+00
3.478000505458047797e+01 2.343961282158848469e+00
3.481177834413074379e+01 2.244484470396305831e+00
3.484873910952595111e+01 2.135964312109895680e+00
3.487597335771189222e+01 1.973184074680280231e+00
3.489088735076609993e+01 1.837533876822267542e+00
3.489802013005289183e+01 1.710927025488122366e+00
3.489866856453350863e+01 1.539103441534639627e+00
3.490061386797536613e+01 1.294933085390216787e+00
3.490061386797536613e+01 1.095979461865131510e+00
3.489931699901413253e+01 9.512859174832513087e-01
3.489412952316919103e+01 7.161589078626959814e-01
3.488569987492115843e+01 5.895520565285508052e-01
3.487727022667312582e+01 4.448585121466706038e-01
3.486754370946386672e+01 3.092083142886579150e-01
3.486170779913830842e+01 2.187748490499827891e-01
3.485327815089027581e+01 1.464280768590426884e-01
